RunQC summary, run 12, 25000 events, file data/run_12.root
 ch  pol       base  baseRMS sig frac sat frac peak med   edgeLo   edgeHi
  0   -1     2044.3      4.2    0.139   0.0000      490   0.0000   0.0049
  1   -1     2059.6      4.2    0.139   0.0000      462   0.0000   0.0049
  2   -1     2048.1     13.7    0.895   0.0128      545   0.0000   0.0003
  3   -1     2048.5      4.2    0.020   0.0000      525   0.0000   0.0020
  4   +1     2045.2     21.4    0.041   0.0000      656   0.0000   0.1523
  5   +1     2041.1     21.7    0.296   0.0000      616   0.0000   0.0509
  6   +1     2052.4     31.8    0.233   0.0000      625   0.0000   0.0496
  7   +1     2055.6     33.4    0.016   0.0000      661   0.0000   0.1432
  8   -1     2041.5      4.2    0.066   0.0000      549   0.0000   0.0206
  9   -1     2058.9      4.2    0.066   0.0000      554   0.0000   0.0206
 10   -1     2055.6      4.2    0.066   0.0000      551   0.0000   0.0236
 11   -1     2042.4      4.1    0.066   0.0000      550   0.0000   0.0217
 12   +1     2086.3     65.1    0.029   0.0031      613   0.0000   0.0415
 13   +1     2086.8     64.1    0.003   0.0016      614   0.0000   0.0460
 14   +1     2097.4     92.0    0.003   0.0193      535   0.0000   0.0435
 15   +1     2093.6     91.3    0.027   0.0127      625   0.0000   0.0427
 16   -1     3660.3      9.6    0.000   0.0069     1020   0.0000   0.0000
 17   -1     3645.7      9.7    0.000   0.0044     1020   0.0000   0.0000
